             Micaiah Skolnick         CSC 36000     Section 11
                Spring 2017                 Assignment #5
---------------------------------- - ---------------------------------- - 

The Original Inventory Array:
Inventory  Item                 Quantity  Reorder  Cost of  Selling
 Number    Description          on hand   Number   Item     Price
--------   -----------------    --------  -------  -------  -------
  4703     PENCILS #2              750      250     0.04     0.29
  5881     ERASERS                 600      125     0.22     0.54
  2280     NOTE BOOKS              130       50     1.29     1.79
  3456     PENS-Red Ink            545      200     0.15     0.49
  8523     FOLDERS                 280       75     0.29     0.79
  6651     POSTER BOARDS           324      100     0.19     0.38
  3458     PENS-Blue Ink           223      200     0.17     0.42
  3462     PENS-Black Ink          850      200     0.23     0.59


































The Inventory Array sorted in descending order according to the Quantity on Hand
using the Bubble Sort:
Inventory  Item                 Quantity  Reorder  Cost of  Selling
 Number    Description          on hand   Number   Item     Price
--------   -----------------    --------  -------  -------  -------
  3462     PENS-Black Ink          850      200     0.23     0.59
  4703     PENCILS #2              750      250     0.04     0.29
  5881     ERASERS                 600      125     0.22     0.54
  3456     PENS-Red Ink            545      200     0.15     0.49
  6651     POSTER BOARDS           324      100     0.19     0.38
  8523     FOLDERS                 280       75     0.29     0.79
  3458     PENS-Blue Ink           223      200     0.17     0.42
  2280     NOTE BOOKS              130       50     1.29     1.79





































The Inventory Array sorted in descending order according to the Selling Price
using the Shell Sort:
Inventory  Item                 Quantity  Reorder  Cost of  Selling
 Number    Description          on hand   Number   Item     Price
--------   -----------------    --------  -------  -------  -------
  2280     NOTE BOOKS              130       50     1.29     1.79
  8523     FOLDERS                 280       75     0.29     0.79
  3462     PENS-Black Ink          850      200     0.23     0.59
  5881     ERASERS                 600      125     0.22     0.54
  3456     PENS-Red Ink            545      200     0.15     0.49
  3458     PENS-Blue Ink           223      200     0.17     0.42
  6651     POSTER BOARDS           324      100     0.19     0.38
  4703     PENCILS #2              750      250     0.04     0.29





































The Inventory Array sorted in ascending order according to the Inventory Number
using the Quick Sort:
Inventory  Item                 Quantity  Reorder  Cost of  Selling
 Number    Description          on hand   Number   Item     Price
--------   -----------------    --------  -------  -------  -------
  2280     NOTE BOOKS              130       50     1.29     1.79
  3456     PENS-Red Ink            545      200     0.15     0.49
  3458     PENS-Blue Ink           223      200     0.17     0.42
  3462     PENS-Black Ink          850      200     0.23     0.59
  4703     PENCILS #2              750      250     0.04     0.29
  5881     ERASERS                 600      125     0.22     0.54
  6651     POSTER BOARDS           324      100     0.19     0.38
  8523     FOLDERS                 280       75     0.29     0.79

-------------------------------- - 
         | END OF PROGRAM OUTPUT | 
-------------------------------- - 
